322 94
439 455
231 213
388 232
295 281
216 352
331 113
407 460
136 100
218 372
99 380
5 178
344 424
326 411
499 8
463 259
444 266
2 428
127 490
319 79
144 79
41 97
20 367
388 207
86 269
457 349
83 186
433 46
388 414
330 384
324 97
99 179
272 436
303 366
21 310
330 267
125 229
312 303
293 428
369 142
353 367
358 225
208 201
84 72
386 138
403 325
478 186
93 295
313 358
164 31
42 196
246 448
127 495
272 253
137 246
435 434
64 264
279 332
166 46
131 130
379 355
493 30
381 315
457 165
452 254
66 228
341 324
194 353
497 462
84 138
158 348
14 416
284 304
217 290
367 179
255 83
212 47
383 468
106 194
236 299
198 322
43 445
319 356
381 490
494 255
96 113
133 248
445 52
222 217
262 108
423 497
365 429
258 298
194 195
422 102
454 381
249 305
45 163
418 443
207 142
